Pos	WT	Mut	HIVDB Score	SDRM	%UntreatedA	totalUntreatedA	%UntreatedB	totalUntreatedB	%UntreatedC	totalUntreatedC	%UntreatedD	totalUntreatedD	%UntreatedF	totalUntreatedF	%UntreatedG	totalUntreatedG	%UntreatedCRF01_AE	totalUntreatedCRF01_AE	%UntreatedCRF02_AG	totalUntreatedCRF02_AG	%UntreatedOther	totalUntreatedOther	%UntreatedAll	totalUntreatedAll	%TreatedA	totalTreatedA	%TreatedB	totalTreatedB	%TreatedC	totalTreatedC	%TreatedD	totalTreatedD	%TreatedF	totalTreatedF	%TreatedG	totalTreatedG	%TreatedCRF01_AE	totalTreatedCRF01_AE	%TreatedCRF02_AG	totalTreatedCRF02_AG	%TreatedOther	totalTreatedOther	%TreatedAll	totalTreatedAll	%Alone In Treated Pts
41	M	L	15	1	0.12	4332	0.32	31751	0.11	9922	0.72	1677	0.20	989	0.51	1755	0.06	8560	0.32	3149	0.45	2002	0.26	64135	7.76	941	40.04	14851	9.17	4581	16.33	447	28.23	379	20.40	1113	18.97	2156	12.95	950	29.18	1542	29.05	26949	2.2
62	A	V	5	0	9.57	4366	0.16	32232	0.09	10136	0	1693	0	995	0.06	1798	0.72	8575	0.12	3223	0.10	2013	0.84	65029	17.00	941	4.41	14886	4.94	4594	0.45	447	1.58	379	1.35	1114	4.67	2161	2.31	951	2.91	1544	4.57	27006	7.5
65	K	E	10	0	0.02	4367	0.02	32235	0.02	10137	0	1693	0.10	995	0.06	1798	0.03	8575	0.03	3223	0.10	2013	0.02	65034	0	942	0.18	14885	0.15	4597	0	447	0	379	0	1114	0	2161	0	951	0.13	1543	0.13	27008	21.2
65	K	N	30	0	0.05	4367	0.03	32235	0.01	10137	0	1693	0	995	0.06	1798	0.01	8575	0	3223	0	2013	0.02	65034	0.11	942	0.07	14885	0.07	4597	0	447	0	379	0	1114	0.74	2161	0.21	951	0.13	1543	0.13	27008	18.2
65	K	R	60	1	0.07	4367	0.02	32235	0.07	10137	0	1693	0	995	0	1798	0	8575	0	3223	0.10	2013	0.03	65034	6.16	942	3.82	14885	8.09	4597	3.36	447	1.85	379	6.82	1114	6.25	2161	5.57	951	1.49	1543	4.84	27008	25.7
67	D	E	10	1	0.02	4367	0.01	32228	0.02	10137	0	1693	0	995	0.06	1798	0.01	8574	0	3223	0.05	2013	0.01	65026	0.11	941	0.67	14861	0.13	4592	0.67	447	0.26	379	0.09	1112	0.79	2158	0.63	951	0.32	1544	0.52	26974	1.4
67	D	G	10	1	0.05	4367	0.03	32228	0.10	10137	0.06	1693	0	995	0	1798	0.02	8574	0.03	3223	0.05	2013	0.04	65026	1.38	941	2.70	14861	1.48	4592	2.01	447	1.85	379	2.88	1112	2.55	2158	2.10	951	1.23	1544	2.31	26974	4.4
67	D	H	10	0	0	4367	0.01	32228	0	10137	0	1693	0	995	0	1798	0	8574	0	3223	0	2013	0.00	65026	0.21	941	0.30	14861	0.04	4592	0	447	0	379	0	1112	0.19	2158	0	951	0.19	1544	0.21	26974	3.7
67	D	N	15	1	0.05	4367	0.04	32228	0.04	10137	0.06	1693	0	995	0	1798	0.02	8574	0.22	3223	0.05	2013	0.05	65026	12.54	941	32.86	14861	16.90	4592	17.23	447	25.33	379	18.44	1112	29.24	2158	12.51	951	25.26	1544	27.04	26974	1.4
67	D	S	10	0	0	4367	0.00	32228	0	10137	0	1693	0	995	0	1798	0	8574	0	3223	0	2013	0.00	65026	0.53	941	0.25	14861	0.15	4592	0.22	447	0.79	379	0.18	1112	0.14	2158	0	951	0.06	1544	0.22	26974	3.8
67	D	T	10	0	0	4367	0	32228	0	10137	0	1693	0	995	0	1798	0	8574	0	3223	0	2013	0	65026	0	941	0.21	14861	0.04	4592	0	447	0	379	0	1112	0.09	2158	0.42	951	0.45	1544	0.17	26974	2.1
67	D	d	30	0	0	4367	0	32228	0	10137	0	1693	0	995	0	1798	0	8574	0	3223	0	2013	0	65026	0	941	0.14	14861	0	4592	0	447	0	379	0	1112	0	2158	0	951	0.13	1544	0.09	26974	0.0
68	S	d	30	0	0	3778	0	29593	0	9775	0	1551	0	925	0	1704	0	8084	0	3078	0	1936	0	60422	0	941	0	14868	0	4595	0	446	0	379	0	1113	0.05	2161	0	951	0	1544	0.00	26987	0.0
69	T	D	30	1	0	4365	0.05	32207	0.05	10144	0	1691	0	995	0	1800	0	8572	0	3220	0	2013	0.03	65005	0.96	939	8.46	14828	2.29	4583	4.49	445	6.07	379	1.44	1110	2.74	2152	2.21	949	5.14	1538	5.89	26912	2.8
69	T	G	10	0	0.02	4365	0	32207	0	10144	0	1691	0	995	0	1800	0	8572	0	3220	0	2013	0.00	65005	0	939	0.28	14828	0.02	4583	0	445	0.26	379	0.09	1110	0.14	2152	0	949	0.33	1538	0.20	26912	3.8
69	T	d	30	0	0	4365	0.00	32207	0	10144	0	1691	0	995	0	1800	0	8572	0	3220	0	2013	0.00	65005	0.21	939	0.09	14828	0.52	4583	0	445	0.26	379	0.36	1110	0.23	2152	0.53	949	0.13	1538	0.21	26912	1.8
69	T	i	45	1	0	4365	0	32207	0	10144	0	1691	0	995	0	1800	0	8572	0	3220	0	2013	0	65005	0.11	939	1.34	14828	0.31	4583	0.45	445	1.06	379	0.09	1110	0.23	2152	0.21	949	1.04	1538	0.91	26912	2.9
70	K	E	15	1	0	4367	0.02	32233	0.01	10148	0.12	1693	0	995	0	1800	0.02	8575	0.09	3222	0	2013	0.02	65044	0.53	941	0.46	14862	1.07	4593	0.22	447	0.26	379	2.87	1114	0.97	2160	0.53	951	0.13	1538	0.68	26974	5.1
70	K	G	15	0	0	4367	0	32233	0	10148	0	1693	0	995	0	1800	0	8575	0	3222	0	2013	0	65044	0	941	0.50	14862	0.09	4593	0	447	0	379	0.36	1114	0.19	2160	0.32	951	0.39	1538	0.35	26974	3.7
70	K	N	15	0	0.02	4367	0.05	32233	0.04	10148	0	1693	0	995	0	1800	0.01	8575	0.03	3222	0	2013	0.03	65044	0.53	941	0.23	14862	0.11	4593	0.45	447	0.26	379	0.18	1114	0.60	2160	0.21	951	0.33	1538	0.26	26974	3.9
70	K	Q	15	0	0.05	4367	0.02	32233	0.03	10148	0	1693	0	995	0	1800	0.02	8575	0.03	3222	0	2013	0.02	65044	0.11	941	0.25	14862	0.30	4593	0	447	0	379	0.45	1114	0.14	2160	0.11	951	0.07	1538	0.23	26974	3.2
70	K	R	30	1	0.02	4367	0.09	32233	0.02	10148	0.12	1693	0.20	995	0	1800	0.02	8575	0	3222	0.05	2013	0.06	65044	12.43	941	20.64	14862	11.82	4593	13.65	447	19.79	379	15.08	1114	19.17	2160	13.56	951	19.38	1538	18.06	26974	11.9
70	K	S	15	0	0	4367	0	32233	0.01	10148	0	1693	0	995	0	1800	0	8575	0	3222	0	2013	0.00	65044	0.11	941	0.12	14862	0	4593	0.45	447	0.79	379	0	1114	0.05	2160	0	951	0.13	1538	0.10	26974	5.9
70	K	T	15	0	0.05	4367	0.03	32233	0.02	10148	0	1693	0.10	995	0	1800	0.07	8575	0	3222	0	2013	0.03	65044	0.11	941	0.34	14862	0.22	4593	0.45	447	0.26	379	0.54	1114	0.51	2160	0.53	951	0.20	1538	0.33	26974	8.7
70	K	d	30	0	0	4367	0	32233	0	10148	0	1693	0	995	0	1800	0	8575	0	3222	0	2013	0	65044	0	941	0.03	14862	0.04	4593	0	447	0	379	0	1114	0.09	2160	0	951	0	1538	0.03	26974	0.0
74	L	I	60	1	0.02	4367	0.02	32234	0.01	10157	0	1693	0	995	0	1800	0.07	8575	0	3223	0	2012	0.02	65054	2.12	942	5.21	14873	1.68	4595	2.46	447	5.01	379	1.35	1114	3.24	2161	1.89	951	4.34	1544	3.97	26995	1.5
74	L	V	60	1	0.02	4367	0.00	32234	0.02	10157	0	1693	0	995	0.06	1800	0	8575	0	3223	0	2012	0.01	65054	3.29	942	11.34	14873	4.68	4595	4.70	447	6.33	379	7.27	1114	3.52	2161	1.79	951	11.27	1544	8.61	26995	5.9
75	V	A	30	1	0.02	4367	0.01	32234	0.05	10168	0	1693	0	995	0	1800	0.01	8575	0	3222	0.05	2013	0.02	65065	0.21	939	0.66	14826	0.28	4585	0.22	447	0.26	378	0.36	1109	0.46	2157	0.42	950	0.13	1536	0.50	26916	4.2
75	V	I	5	0	0.05	4367	0.02	32234	0.01	10168	0.83	1693	0	995	0.06	1800	0.03	8575	0.03	3222	0	2013	0.04	65065	2.45	939	2.69	14826	2.60	4585	1.12	447	1.85	378	1.62	1109	5.10	2157	2.32	950	2.60	1536	2.76	26916	4.0
75	V	M	30	1	0	4367	0.03	32234	0	10168	0	1693	0	995	0.06	1800	0.14	8575	0	3222	0	2013	0.03	65065	1.06	939	3.22	14826	1.90	4585	1.79	447	2.38	378	1.80	1109	9.97	2157	1.05	950	2.41	1536	3.24	26916	1.1
75	V	S	30	1	0	4367	0	32234	0	10168	0	1693	0	995	0	1800	0	8575	0	3222	0.05	2013	0.00	65065	0.11	939	0.27	14826	0.20	4585	0	447	0.79	378	0	1109	0.23	2157	0	950	0.33	1536	0.23	26916	4.3
75	V	T	60	1	0	4367	0	32234	0	10168	0	1693	0	995	0	1800	0	8575	0	3222	0	2013	0	65065	0.21	939	1.56	14826	0.72	4585	0.67	447	0.26	378	0.36	1109	1.48	2157	1.05	950	1.63	1536	1.27	26916	4.6
77	F	L	10	1	0.07	4367	0.18	32233	0.01	10171	0	1693	0.10	995	0	1800	0.03	8574	0.03	3222	0.10	2013	0.11	65066	0.74	942	2.12	14886	0.89	4598	0.89	447	0.53	379	0.90	1114	3.52	2161	1.47	950	1.23	1544	1.81	27010	1.7
115	Y	F	60	1	0.02	4367	0	32242	0	10174	0.06	1692	0	995	0.06	1800	0	8575	0.06	3224	0	2012	0.01	65079	2.02	942	2.33	14885	2.68	4596	1.12	447	0.79	379	1.97	1114	2.36	2161	1.79	951	2.91	1544	2.34	27008	1.1
116	F	Y	10	1	0	4367	0	32244	0.01	10175	0	1692	0	995	0	1800	0.01	8575	0.03	3224	0	2012	0.00	65082	0.96	942	2.24	14885	1.39	4597	0.89	447	1.06	379	0.90	1114	4.44	2161	1.68	951	1.75	1544	2.09	27009	0.0
151	Q	L	30	0	0	4361	0.00	32222	0	10205	0.06	1691	0	995	0	1798	0	8572	0	3222	0.05	2013	0.00	65077	0	936	0.09	14867	0.11	4589	0	447	0	378	0	1114	0.19	2160	0.11	950	0.06	1541	0.09	26971	4.7
151	Q	M	60	1	0	4361	0	32222	0	10205	0	1691	0	995	0	1798	0	8572	0	3222	0	2013	0	65077	1.07	936	2.80	14867	1.96	4589	0.89	447	0.53	378	1.35	1114	6.48	2160	2.32	950	2.86	1541	2.75	26971	8.6
184	M	I	60	1	0.02	4359	0.04	32073	0.03	10210	0.06	1689	0.20	994	0	1796	0.02	8564	0	3221	0.05	2012	0.04	64916	1.60	935	1.84	14801	2.17	4572	1.35	445	2.91	378	1.53	1108	3.02	2150	2.44	941	0.78	1540	1.94	26859	28.3
184	M	V	60	1	0.21	4359	0.28	32073	0.09	10210	0.24	1689	0.10	994	0.28	1796	0.12	8564	0.09	3221	0.25	2012	0.21	64916	54.65	935	47.83	14801	64.15	4572	52.36	445	42.86	378	56.14	1108	63.86	2150	56.11	941	49.35	1540	52.86	26859	36.3
210	L	W	15	1	0.02	4347	0.07	31968	0.06	10179	0	1680	0.10	982	0	1763	0.11	8494	0.03	3210	0	2005	0.06	64626	4.17	911	27.46	14836	3.26	4571	11.08	415	11.14	377	3.53	1104	11.86	2142	5.30	943	9.99	1532	18.06	26820	1.7
215	T	A	20	0	0.05	4342	0.15	31614	0.08	10160	0.06	1677	0	972	0.11	1757	0.02	8425	0.09	3190	0.15	2002	0.10	64137	0	897	0.22	14601	0.07	4520	0	414	0	371	0.18	1087	0	2129	0.11	925	0.26	1515	0.16	26448	44.3
215	T	C	20	1	0.02	4342	0.16	31614	0.02	10160	0	1677	0	972	0	1757	0	8425	0	3190	0	2002	0.08	64137	0	897	1.06	14601	0.13	4520	1.21	414	1.35	371	0.64	1087	0	2129	0.22	925	0.79	1515	0.73	26448	19.4
215	T	D	20	1	0.05	4342	0.42	31614	0.01	10160	0.12	1677	0.10	972	0	1757	0	8425	0.03	3190	0.05	2002	0.22	64137	0.11	897	0.95	14601	0.04	4520	0.24	414	0.27	371	0.37	1087	0.05	2129	0	925	0.79	1515	0.60	26448	44.1
215	T	E	20	1	0	4342	0.20	31614	0	10160	0	1677	0.21	972	0.11	1757	0	8425	0	3190	0	2002	0.10	64137	0.11	897	0.21	14601	0	4520	0.48	414	0.81	371	0.09	1087	0	2129	0	925	0.07	1515	0.15	26448	37.5
215	T	F	40	1	0.02	4342	0.01	31614	0	10160	0	1677	0	972	0	1757	0.01	8425	0	3190	0	2002	0.01	64137	6.91	897	10.75	14601	5.24	4520	6.76	414	15.63	371	7.08	1087	15.59	2129	8.11	925	10.96	1515	9.85	26448	6.7
215	T	I	20	1	0.12	4342	0.03	31614	0.03	10160	0.06	1677	0	972	0	1757	0	8425	0	3190	0	2002	0.03	64137	2.45	897	1.28	14601	1.13	4520	0.48	414	0.81	371	0.83	1087	1.64	2129	0.97	925	1.58	1515	1.29	26448	5.5
215	T	L	20	0	0.02	4342	0.10	31614	0	10160	0	1677	0	972	0	1757	0	8425	0	3190	0	2002	0.05	64137	0.11	897	0.18	14601	0.02	4520	0.24	414	0	371	0.09	1087	0	2129	0	925	0.20	1515	0.12	26448	40.5
215	T	N	20	0	0.02	4342	0.03	31614	0	10160	0	1677	0	972	0	1757	0	8425	0	3190	0	2002	0.02	64137	0.22	897	0.22	14601	0.24	4520	0.24	414	0	371	0.09	1087	0.38	2129	0.11	925	0	1515	0.21	26448	9.8
215	T	S	20	1	0.07	4342	0.50	31614	0.05	10160	0.18	1677	0.31	972	0.06	1757	0.14	8425	0.09	3190	0.15	2002	0.30	64137	0.33	897	1.19	14601	0.31	4520	1.45	414	0.27	371	0.46	1087	0.56	2129	1.08	925	0.86	1515	0.90	26448	12.1
215	T	V	20	1	0	4342	0.01	31614	0	10160	0	1677	0	972	0.06	1757	0	8425	0	3190	0	2002	0.01	64137	0.45	897	0.85	14601	0.27	4520	0	414	0.54	371	0.18	1087	0.19	2129	0.22	925	0.66	1515	0.60	26448	4.2
215	T	Y	40	1	0.02	4342	0.02	31614	0.03	10160	0	1677	0	972	0	1757	0	8425	0	3190	0	2002	0.02	64137	7.36	897	36.64	14601	9.14	4520	15.70	414	23.45	371	17.48	1087	14.33	2129	15.89	925	28.05	1515	26.65	26448	21.0
219	K	E	10	1	0	4339	0.03	31578	0.01	10135	0	1669	0	966	0.06	1751	0.01	8422	0	3188	0.05	2000	0.02	64046	3.95	912	6.12	14792	4.30	4558	3.13	415	6.91	376	7.62	1102	6.12	2139	4.97	945	8.79	1535	5.88	26763	1.5
219	K	N	10	1	0.02	4339	0.02	31578	0.02	10135	0.06	1669	0	966	0.11	1751	0.07	8422	0.09	3188	0.05	2000	0.03	64046	0.44	912	4.47	14792	0.94	4558	1.20	415	1.60	376	1.81	1102	1.73	2139	1.16	945	1.24	1535	3.01	26763	3.3
219	K	Q	10	1	0.16	4339	0.09	31578	0	10135	0.12	1669	0	966	0.06	1751	0.12	8422	0.16	3188	0.05	2000	0.08	64046	5.70	912	13.30	14792	5.44	4558	7.71	415	11.97	376	7.71	1102	12.11	2139	5.82	945	10.49	1535	10.85	26763	2.2
219	K	R	10	1	0.16	4339	0.08	31578	0.05	10135	0	1669	0	966	0.06	1751	0.04	8422	0.06	3188	0	2000	0.07	64046	0.77	912	3.64	14792	1.10	4558	0.48	415	2.13	376	1.18	1102	2.52	2139	0.74	945	1.76	1535	2.64	26763	2.3
219	K	W	10	0	0	4339	0	31578	0	10135	0	1669	0	966	0	1751	0	8422	0	3188	0	2000	0	64046	0	912	0.22	14792	0.55	4558	0	415	1.60	376	0	1102	0.14	2139	0	945	0.07	1535	0.25	26763	0.0
