Pos	WT	Mut	HIVDB Score	SDRM	%UntreatedA	totalUntreatedA	%UntreatedB	totalUntreatedB	%UntreatedC	totalUntreatedC	%UntreatedD	totalUntreatedD	%UntreatedF	totalUntreatedF	%UntreatedG	totalUntreatedG	%UntreatedCRF01_AE	totalUntreatedCRF01_AE	%UntreatedCRF02_AG	totalUntreatedCRF02_AG	%UntreatedOther	totalUntreatedOther	%UntreatedAll	totalUntreatedAll	%TreatedA	totalTreatedA	%TreatedB	totalTreatedB	%TreatedC	totalTreatedC	%TreatedD	totalTreatedD	%TreatedF	totalTreatedF	%TreatedG	totalTreatedG	%TreatedCRF01_AE	totalTreatedCRF01_AE	%TreatedCRF02_AG	totalTreatedCRF02_AG	%TreatedOther	totalTreatedOther	%TreatedAll	totalTreatedAll	%Alone In Treated Pts
98	A	G	30	0	0.05	3778	0.14	29607	0.55	9812	0	1551	0.11	925	0.41	1704	0.11	8085	0.10	3079	0.05	1936	0.19	60475	4.80	854	6.30	11071	5.85	4390	2.95	474	7.89	279	7.72	985	10.06	1859	9.62	873	5.14	1478	6.54	22259	12.2
100	L	I	60	1	0.02	4367	0.00	32234	0.01	10156	0.06	1691	0	995	0	1800	0	8574	0	3222	0	2013	0.01	65050	1.29	856	6.05	11072	2.37	4386	1.69	473	3.58	279	5.58	985	1.13	1859	1.15	872	4.80	1479	4.31	22257	1.3
100	L	V	30	0	0	4367	0.06	32234	0.03	10156	0	1691	0	995	0	1800	0.01	8574	0	3222	0	2013	0.04	65050	0	856	0.12	11072	0.09	4386	0	473	0	279	0	985	0.05	1859	0.11	872	0.07	1479	0.09	22257	11.1
101	K	E	45	1	0.11	4367	0.23	32249	0.19	10174	0.35	1693	0	995	0.39	1800	0.06	8575	0.09	3224	0.15	2013	0.19	65088	8.33	852	6.70	11016	8.53	4371	7.82	473	7.19	278	7.05	979	14.93	1849	6.57	867	8.10	1470	7.95	22151	3.9
101	K	H	15	0	0	4367	0.02	32249	0	10174	0	1693	0	995	0	1800	0	8575	0	3224	0	2013	0.01	65088	0.70	852	1.30	11016	1.01	4371	0.42	473	0.72	278	0.92	979	1.89	1849	0.46	867	1.22	1470	1.19	22151	2.3
101	K	P	60	1	0	4367	0.00	32249	0	10174	0	1693	0	995	0	1800	0	8575	0	3224	0	2013	0.00	65088	0.59	852	1.50	11016	0.96	4371	0.63	473	1.44	278	0.72	979	1.73	1849	0.46	867	1.77	1470	1.30	22151	4.7
103	K	H	60	0	0	4367	0	32237	0	10173	0	1692	0	995	0	1800	0	8572	0	3224	0	2013	0	65071	0.23	853	0.16	11045	0.02	4381	0	473	0	279	0	984	0.05	1855	0	873	0.07	1473	0.10	22212	0.0
103	K	N	60	1	0.62	4367	1.65	32237	0.73	10173	1.06	1692	1.61	995	0.78	1800	0.30	8572	0.78	3224	0.75	2013	1.15	65071	26.03	853	37.11	11045	42.46	4381	27.91	473	33.69	279	41.46	984	27.06	1855	34.48	873	31.50	1473	36.38	22212	37.0
103	K	S	60	1	0.02	4367	0.05	32237	0.05	10173	0	1692	0.10	995	0	1800	0.01	8572	0	3224	0.05	2013	0.04	65071	0.94	853	1.81	11045	2.37	4381	0.21	473	0.72	279	0.51	984	0.81	1855	1.26	873	1.70	1473	1.67	22212	4.6
103	K	T	60	0	0.05	4367	0.02	32237	0.02	10173	0	1692	0	995	0	1800	0	8572	0.06	3224	0	2013	0.02	65071	0	853	0.15	11045	0.07	4381	0.42	473	0	279	0.20	984	0.16	1855	0	873	0.20	1473	0.14	22212	24.2
106	V	A	60	1	0.02	4367	0.02	32246	0	10175	0	1692	0	995	0	1800	0.01	8570	0.03	3224	0	2013	0.01	65080	1.52	854	1.85	11070	1.05	4379	2.11	474	1.79	279	2.23	985	0.91	1858	3.09	873	1.76	1478	1.67	22246	14.2
106	V	M	60	1	0	4367	0.02	32246	0.05	10175	0	1692	0	995	0	1800	0.01	8570	0	3224	0	2013	0.02	65080	0.23	854	0.72	11070	22.08	4379	0.42	474	1.79	279	0.51	985	1.40	1858	0.80	873	0.68	1478	4.96	22246	14.5
108	V	I	15	0	0.66	3779	0.52	29607	0.21	9812	0.45	1551	0.32	925	0.23	1704	0.26	8085	0.81	3079	0.41	1936	0.44	60476	5.02	856	9.17	11075	8.04	4389	3.38	474	13.67	278	5.20	980	12.21	1859	9.97	873	7.44	1478	8.72	22258	4.4
138	E	A	15	0	3.47	3779	1.95	29598	5.71	9860	2.58	1551	3.46	925	2.17	1704	0.46	8085	2.70	3079	1.19	1937	2.52	60516	3.40	853	2.53	11070	6.96	4384	2.53	474	2.87	279	3.25	984	1.18	1857	2.87	871	1.96	1479	3.34	22247	29.6
138	E	G	15	0	0.26	3779	0.26	29598	0.28	9860	0.58	1551	1.51	925	0.18	1704	0.28	8085	0.13	3079	0.21	1937	0.28	60516	0.70	853	0.65	11070	0.80	4384	0.84	474	1.08	279	0.51	984	1.02	1857	0.46	871	0.81	1479	0.72	22247	16.4
138	E	K	45	0	0.05	3779	0.14	29598	0.15	9860	0.32	1551	0	925	0.18	1704	0.09	8085	0.16	3079	0.10	1937	0.13	60516	0.35	853	0.40	11070	0.71	4384	0	474	0.36	279	0.41	984	0.16	1857	0.23	871	0.27	1479	0.41	22247	18.8
138	E	Q	15	0	0.08	3779	0.02	29598	0.03	9860	0.06	1551	0	925	0.06	1704	0	8085	0	3079	0.05	1937	0.03	60516	0.82	853	0.84	11070	1.14	4384	0.21	474	1.08	279	2.34	984	3.02	1857	1.38	871	1.22	1479	1.18	22247	2.7
138	E	R	15	0	0	3779	0.01	29598	0.01	9860	0	1551	0	925	0	1704	0	8085	0.03	3079	0	1937	0.01	60516	0	853	0.01	11070	0.09	4384	0	474	0	279	0	984	0.05	1857	0	871	0	1479	0.03	22247	0.0
179	V	D	10	0	0.21	3776	2.21	29590	1.39	9876	0.39	1548	2.49	923	0.06	1703	2.70	8076	0.03	3075	0.57	1938	1.75	60503	0.47	850	2.17	11049	5.46	4379	1.27	472	2.51	279	0	985	2.74	1858	0	867	1.36	1473	2.55	22208	16.6
179	V	E	10	0	0.03	3776	0.82	29590	0.20	9876	0.45	1548	0.22	923	4.23	1703	1.03	8076	0.75	3075	1.08	1938	0.78	60503	0.47	850	0.88	11049	0.59	4379	0.21	472	0.36	279	8.93	985	1.24	1858	3.69	867	1.09	1473	1.30	22208	14.6
179	V	F	15	1	0	3776	0	29590	0	9876	0	1548	0.11	923	0	1703	0	8076	0	3075	0.05	1938	0.00	60503	0.12	850	0.41	11049	0.02	4379	0	472	0.36	279	0	985	0.11	1858	0.12	867	0.27	1473	0.25	22208	0.0
179	V	L	15	0	0.03	3776	0	29590	0	9876	0	1548	0	923	0	1703	0.01	8076	0.03	3075	0	1938	0.00	60503	0.24	850	0.14	11049	0.05	4379	0	472	0.36	279	0.10	985	0.27	1858	0.12	867	0.48	1473	0.15	22208	2.9
181	Y	C	60	1	0.11	4359	0.11	32073	0.21	10210	0.18	1689	0	995	0.11	1798	0.20	8565	0.09	3221	0.10	2012	0.14	64920	18.49	849	19.40	11054	14.80	4377	20.30	473	23.66	279	22.00	982	37.28	1856	21.72	870	18.97	1476	20.21	22212	29.6
181	Y	F	60	0	0	4359	0.02	32073	0.03	10210	0	1689	0	995	0	1798	0.01	8565	0	3221	0	2012	0.02	64920	0	849	0.09	11054	0.02	4377	0.21	473	0	279	0	982	0.05	1856	0.11	870	0	1476	0.06	22212	7.7
181	Y	G	60	0	0	4359	0	32073	0	10210	0	1689	0	995	0	1798	0	8565	0	3221	0	2012	0	64920	0.12	849	0.05	11054	0.02	4377	0	473	0.36	279	0	982	0.11	1856	0.11	870	0.07	1476	0.05	22212	0.0
181	Y	I	60	1	0.02	4359	0	32073	0.02	10210	0	1689	0	995	0	1798	0	8565	0	3221	0	2012	0.00	64920	0.94	849	0.95	11054	0.57	4377	0.21	473	0.36	279	0.31	982	1.99	1856	0.57	870	0.75	1476	0.88	22212	49.5
181	Y	S	60	0	0	4359	0.02	32073	0.02	10210	0	1689	0.10	995	0	1798	0	8565	0	3221	0.05	2012	0.01	64920	0	849	0.08	11054	0.02	4377	0	473	0	279	0	982	0	1856	0	870	0	1476	0.05	22212	0.0
181	Y	V	60	1	0	4359	0	32073	0	10210	0	1689	0	995	0	1798	0	8565	0	3221	0	2012	0	64920	0.71	849	0.41	11054	0.39	4377	0.85	473	0	279	0.20	982	1.99	1856	0.92	870	1.08	1476	0.61	22212	53.1
188	Y	C	60	1	0	4359	0.02	32068	0.01	10209	0	1689	0	994	0	1797	0	8563	0.03	3220	0.05	2012	0.01	64909	0.94	851	0.27	11022	3.16	4363	1.27	474	0.36	279	0.51	984	0.32	1857	0.57	871	0.41	1473	0.92	22170	18.5
188	Y	F	60	0	0.02	4359	0.02	32068	0	10209	0	1689	0	994	0	1797	0.02	8563	0	3220	0	2012	0.01	64909	0	851	0.18	11022	0.18	4363	0	474	0	279	0.30	984	0.22	1857	0.11	871	0.07	1473	0.17	22170	1.9
188	Y	H	60	1	0	4359	0.04	32068	0.01	10209	0.12	1689	0	994	0	1797	0.01	8563	0.03	3220	0	2012	0.03	64909	0.24	851	0.51	11022	0.85	4363	0.21	474	0.72	279	0.30	984	0.16	1857	0.69	871	0.27	1473	0.51	22170	6.6
188	Y	L	60	1	0.02	4359	0.05	32068	0.03	10209	0	1689	0	994	0.17	1797	0.02	8563	0	3220	0	2012	0.04	64909	1.65	851	4.52	11022	4.77	4363	1.69	474	2.51	279	4.17	984	5.22	1857	4.13	871	2.85	1473	4.29	22170	52.3
190	G	A	60	1	0.09	4359	0.20	32072	0.15	10209	0.36	1689	0	994	0.06	1797	0.02	8562	0.09	3221	0	2012	0.15	64913	15.80	848	15.02	11042	14.33	4376	11.81	474	7.53	279	10.47	984	24.46	1856	11.83	871	18.85	1475	15.47	22201	12.5
190	G	C	60	0	0	4359	0	32072	0	10209	0	1689	0	994	0	1797	0	8562	0	3221	0	2012	0	64913	0	848	0.15	11042	0.09	4376	0	474	0	279	0	984	0	1856	0	871	0	1475	0.09	22201	26.1
190	G	E	60	1	0	4359	0.02	32072	0.03	10209	0.06	1689	0	994	0	1797	0.09	8562	0.03	3221	0	2012	0.03	64913	0	848	0.58	11042	0.87	4376	0	474	0.36	279	0.10	984	0.16	1856	0	871	0.68	1475	0.53	22201	67.9
190	G	Q	60	0	0	4359	0	32072	0	10209	0	1689	0	994	0	1797	0	8562	0	3221	0	2012	0	64913	0	848	0.36	11042	0.50	4376	0	474	0	279	0.10	984	0.22	1856	0.11	871	0.41	1475	0.33	22201	70.7
190	G	S	60	1	0	4359	0.02	32072	0.01	10209	0	1689	0	994	0	1797	0.01	8562	0	3221	0	2012	0.01	64913	7.19	848	3.02	11042	1.03	4376	1.05	474	1.43	279	1.32	984	2.48	1856	2.30	871	4.34	1475	2.67	22201	26.2
190	G	T	60	0	0	4359	0	32072	0	10209	0	1689	0	994	0	1797	0	8562	0	3221	0	2012	0	64913	0	848	0.04	11042	0.05	4376	0	474	0	279	0	984	0	1856	0	871	0	1475	0.03	22201	0.0
190	G	V	60	0	0	4359	0	32072	0.01	10209	0.06	1689	0	994	0	1797	0	8562	0	3221	0	2012	0.00	64913	0	848	0.05	11042	0.09	4376	0	474	0	279	0	984	0	1856	0.11	871	0	1475	0.05	22201	0.0
221	H	Y	15	0	0.13	3757	0.06	29375	0.04	9785	0.20	1534	0.11	912	0.06	1611	0.06	7909	0.10	3015	0.10	1922	0.07	59818	5.79	829	6.17	11003	7.00	4358	4.21	451	8.66	277	9.67	972	13.64	1840	9.12	866	7.06	1474	7.26	22066	1.9
225	P	H	45	1	0.02	4205	0.01	31137	0.01	9987	0	1638	0	943	0	1643	0.02	8207	0.10	3044	0	1978	0.02	62780	2.18	825	3.16	10966	7.73	4349	3.56	449	3.99	276	6.58	973	3.92	1836	5.32	864	2.99	1472	4.33	22006	1.8
227	F	C	45	0	0	4174	0.01	30756	0	9837	0	1632	0	908	0	1637	0	8204	0	3022	0	1951	0.00	62119	0	823	0.05	10919	0.07	4342	0	448	0	274	0	973	0	1835	0.12	861	0	1468	0.04	21939	12.5
227	F	L	30	0	0.05	4174	0.05	30756	0.02	9837	0.06	1632	0.22	908	0	1637	0.02	8204	0.03	3022	0.05	1951	0.04	62119	0.61	823	2.23	10919	5.92	4342	1.79	448	3.28	274	2.26	973	1.42	1835	2.56	861	1.98	1468	2.84	21939	4.4
230	M	I	30	0	0.07	4155	0.03	30441	0.02	9766	0.06	1628	0.11	894	0.12	1622	0.04	8185	0	3002	0	1946	0.03	61636	0	818	0.12	10689	0	4334	0	446	0.37	272	0.41	972	0.11	1833	0.12	861	0	1470	0.10	21691	76.2
230	M	L	60	1	0.02	4155	0.02	30441	0	9766	0	1628	0.11	894	0	1622	0	8185	0	3002	0.05	1946	0.02	61636	1.22	818	0.97	10689	3.46	4334	2.02	446	1.10	272	1.54	972	3.27	1833	2.56	861	0.61	1470	1.76	21691	5.2
238	K	N	10	0	0	4013	0.09	27978	0.03	9315	0.06	1559	0.13	793	0	1559	0	7996	0.07	2907	0	1916	0.06	58033	0.25	785	0.55	10397	0.36	4168	0	428	1.14	263	0.52	962	0.22	1778	0.24	844	0.27	1461	0.44	21082	8.2
238	K	T	30	0	0.10	4013	0.05	27978	0.04	9315	0	1559	0.13	793	0	1559	0	7996	0.07	2907	0.05	1916	0.05	58033	2.68	785	2.07	10397	1.97	4168	1.87	428	3.04	263	2.39	962	2.08	1778	2.96	844	2.12	1461	2.13	21082	3.0
318	Y	F	30	0	0	1661	0.06	8730	0.17	4196	0	791	0.25	404	0.59	674	0.07	1519	0.48	1447	0.29	681	0.13	20102	0.77	392	1.88	4038	1.53	1242	0.34	290	1.77	113	0.78	515	2.22	135	1.02	488	1.21	1319	1.51	8529	4.0
348	N	I	15	0	0.16	619	0.16	3146	0.16	1872	0	344	0	73	0	146	0.08	1183	0.15	674	0	390	0.13	8447	1.89	53	12.97	3531	15.11	311	5.88	51	5.56	36	8.70	23	6.52	46	12.77	141	18.60	1231	14.07	5423	17.1
